example/ArcGIS/ArcGIS JS API实现风场效果/uv0.json
{"header": { "refTime": "2021-05-01T00:00:00.000Z", "parameterCategory": 2, "parameterNumber": 2, "surface1Value": 100.0, "nx": 100, "ny": 100, "lo1": 119.8499984741211, "la1": 35.400001525878906, "dx": 0.01, "dy": 0.01 }, "data":
[rows 42 to 62 of 100, columns 47 to 93 of 100]
-33.046348571777344,-33.626991271972656,-34.20763397216797,-34.78828048706055,-35.36892318725586,-35.94956970214844,-36.53021240234375,-37.11085510253906,-37.69150161743164,-38.27214431762695,-38.745784759521484,-39.00493240356445,-39.26408004760742,-39.52322769165039,-39.782371520996094,-40.04151916503906,-40.30066680908203,-40.559810638427734,-40.8189582824707,-41.07810592651367,-41.33725357055664,-41.596397399902344,-41.85554504394531,-42.11469268798828,-42.37384033203125,-42.63298416137695,-42.89213180541992,-43.022926330566406,-43.089473724365234,-43.15602111816406,-43.222564697265625,-43.28911209106445,-43.35565948486328,-43.42220687866211,-43.48875045776367,-43.5552978515625,-43.62184524536133,-43.688392639160156,-43.75493621826172,-43.82148361206055,-43.888031005859375,-43.9545783996582,-44.021121978759766,-44.087669372558594,-43.8397331237793,-43.591796875,-43.3438606262207
-31.805673599243164,-32.44692611694336,-33.08818054199219,-33.729434967041016,-34.370689392089844,-35.01194381713867,-35.653194427490234,-36.29444885253906,-36.93570327758789,-37.57695770263672,-38.099178314208984,-38.38279342651367,-38.66640853881836,-38.95002365112305,-39.23363494873047,-39.517250061035156,-39.800865173339844,-40.084476470947266,-40.36809158325195,-40.65170669555664,-40.93532180786133,-41.21893310546875,-41.50254821777344,-41.786163330078125,-42.06977844238281,-42.353389739990234,-42.63700485229492,-42.78296661376953,-42.86001968383789,-42.93707275390625,-43.01412582397461,-43.09117889404297,-43.16823196411133,-43.24528503417969,-43.32234191894531,-43.39939498901367,-43.47644805908203,-43.55350112915039,-43.63055419921875,-43.70760726928711,-43.78466033935547,-43.861717224121094,-43.93877029418945,-44.01582336425781,-43.76454162597656,-43.51325988769531,-43.2619743347168
-30.893627166748047,-31.56114959716797,-32.22867202758789,-32.89619064331055,-33.56371307373047,-34.23123550415039,-34.89875793457031,-35.566280364990234,-36.233802795410156,-36.90132522583008,-37.45035171508789,-37.76184844970703,-38.07334899902344,-38.38484573364258,-38.696346282958984,-39.007843017578125,-39.319339752197266,-39.63084030151367,-39.94233703613281,-40.25383377075195,-40.56533432006836,-40.8768310546875,-41.18832778930664,-41.49982833862305,-41.81132507324219,-42.12282180786133,-42.434322357177734,-42.6103630065918,-42.71860122680664,-42.826839447021484,-42.93507766723633,-43.04331588745117,-43.151554107666016,-43.25979232788086,-43.3680305480957,-43.47626876831055,-43.58450698852539,-43.692745208740234,-43.80098342895508,-43.90922164916992,-44.017459869384766,-44.12569808959961,-44.23393630981445,-44.3421745300293,-44.06646728515625,-43.7907600402832,-43.515052795410156
-30.146081924438477,-30.822681427001953,-31.49928092956543,-32.175880432128906,-32.852481842041016,-33.52907943725586,-34.20568084716797,-34.88227844238281,-35.55887985229492,-36.235477447509766,-36.800411224365234,-37.14150619506836,-37.48259735107422,-37.82368850708008,-38.1647834777832,-38.50587463378906,-38.84696578979492,-39.18805694580078,-39.529151916503906,-39.870243072509766,-40.211334228515625,-40.55242919921875,-40.89352035522461,-41.23461151123047,-41.57570266723633,-41.91679763793945,-42.25788879394531,-42.47148513793945,-42.62125778198242,-42.77103042602539,-42.92080307006836,-43.07057571411133,-43.22035217285156,-43.37012481689453,-43.5198974609375,-43.66967010498047,-43.81944274902344,-43.96921920776367,-44.11899185180664,-44.26876449584961,-44.41853713989258,-44.56830978393555,-44.718082427978516,-44.86785888671875,-44.55717086791992,-44.24648666381836,-43.93579864501953
-29.398536682128906,-30.084213256835938,-30.7698917388916,-31.455568313598633,-32.1412467956543,-32.82692337036133,-33.51259994506836,-34.19827651977539,-34.88395690917969,-35.56963348388672,-36.150474548339844,-36.52116012573242,-36.891845703125,-37.26253128051758,-37.63322067260742,-38.00390625,-38.37459182739258,-38.745277404785156,-39.115966796875,-39.48665237426758,-39.857337951660156,-40.228023529052734,-40.59870910644531,-40.969398498535156,-41.340084075927734,-41.71076965332031,-42.08145523071289,-42.332603454589844,-42.52391052246094,-42.7152214050293,-42.90652847290039,-43.097835540771484,-43.289146423339844,-43.48045349121094,-43.6717643737793,-43.86307144165039,-44.054378509521484,-44.245689392089844,-44.43699645996094,-44.62830352783203,-44.81961441040039,-45.010921478271484,-45.202232360839844,-45.39353942871094,-45.047874450683594,-44.70220947265625,-44.356544494628906
-28.650991439819336,-29.345746994018555,-30.04050064086914,-30.73525619506836,-31.430011749267578,-32.1247673034668,-32.819522857666016,-33.514278411865234,-34.20903396606445,-34.903785705566406,-35.50053405761719,-35.900814056396484,-36.30109405517578,-36.701377868652344,-37.10165786743164,-37.50193786621094,-37.902217864990234,-38.30249786376953,-38.70277786254883,-39.10306167602539,-39.50334167480469,-39.903621673583984,-40.30390167236328,-40.70418167114258,-41.104461669921875,-41.50474548339844,-41.905025482177734,-42.193721771240234,-42.42656707763672,-42.65940856933594,-42.89225387573242,-43.12509536743164,-43.357940673828125,-43.59078598022461,-43.82362747192383,-44.05647277832031,-44.28931427001953,-44.522159576416016,-44.755001068115234,-44.98784637451172,-45.22068786621094,-45.45353317260742,-45.686378479003906,-45.919219970703125,-45.538578033447266,-45.157936096191406,-44.77729415893555
-27.903446197509766,-28.60727882385254,-29.311111450195312,-30.014944076538086,-30.71877670288086,-31.422611236572266,-32.126441955566406,-32.83027648925781,-33.53411102294922,-34.23794174194336,-34.85059356689453,-35.28046798706055,-35.71034622192383,-36.140220642089844,-36.57009506225586,-36.999969482421875,-37.42984390258789,-37.859718322753906,-38.28959274291992,-38.71946716308594,-39.14934158325195,-39.57921600341797,-40.00909423828125,-40.438968658447266,-40.86884307861328,-41.2987174987793,-41.72859191894531,-42.05484390258789,-42.329219818115234,-42.603599548339844,-42.87797927856445,-43.15235900878906,-43.426734924316406,-43.701114654541016,-43.975494384765625,-44.24987030029297,-44.52425003051758,-44.79862976074219,-45.0730094909668,-45.34738540649414,-45.62176513671875,-45.89614486694336,-46.17052459716797,-46.44490051269531,-46.02928161621094,-45.61366271972656,-45.19804000854492
-27.155900955200195,-27.868810653686523,-28.581722259521484,-29.294631958007812,-30.007543563842773,-30.7204532623291,-31.433364868164062,-32.14627456665039,-32.85918426513672,-33.57209777832031,-34.20065689086914,-34.660125732421875,-35.11959457397461,-35.579063415527344,-36.03853225708008,-36.49800109863281,-36.95746994018555,-37.41693878173828,-37.876407623291016,-38.33587646484375,-38.795345306396484,-39.25481414794922,-39.71428298950195,-40.17375183105469,-40.63322067260742,-41.092689514160156,-41.55215835571289,-41.91596221923828,-42.231876373291016,-42.54779052734375,-42.863704681396484,-43.17961883544922,-43.49552917480469,-43.81144332885742,-44.127357482910156,-44.44327163696289,-44.759185791015625,-45.07509994506836,-45.391014099121094,-45.70692825317383,-46.02284240722656,-46.3387565612793,-46.65467071533203,-46.970584869384766,-46.51998519897461,-46.06938552856445,-45.61878967285156
-26.408355712890625,-27.13034439086914,-27.852333068847656,-28.57431983947754,-29.296308517456055,-30.01829719543457,-30.740285873413086,-31.4622745513916,-32.184261322021484,-32.90625,-33.550716400146484,-34.03977966308594,-34.52884292602539,-35.017906188964844,-35.5069694519043,-35.99603271484375,-36.4850959777832,-36.974159240722656,-37.46322250366211,-37.95228576660156,-38.441349029541016,-38.93041229248047,-39.41947555541992,-39.908538818359375,-40.39760208129883,-40.88666534423828,-41.375728607177734,-41.77708053588867,-42.13452911376953,-42.49197769165039,-42.84942626953125,-43.206878662109375,-43.564327239990234,-43.921775817871094,-44.27922439575195,-44.63667297363281,-44.99412155151367,-45.35157012939453,-45.70901870727539,-46.06646728515625,-46.42391586303711,-46.781368255615234,-47.138816833496094,-47.49626541137695,-47.01068878173828,-46.52511215209961,-46.03953552246094
-25.660810470581055,-26.391876220703125,-27.122941970825195,-27.8540096282959,-28.58507537841797,-29.31614112854004,-30.04720687866211,-30.77827262878418,-31.509340286254883,-32.24040603637695,-32.90077590942383,-33.41943359375,-33.93809127807617,-34.456748962402344,-34.975406646728516,-35.49406433105469,-36.01272201538086,-36.53137969970703,-37.0500373840332,-37.568695068359375,-38.08734893798828,-38.60600662231445,-39.124664306640625,-39.6433219909668,-40.16197967529297,-40.68063735961914,-41.19929504394531,-41.63819885253906,-42.03718566894531,-42.4361686706543,-42.83515167236328,-43.23413848876953,-43.633121490478516,-44.0321044921875,-44.431087493896484,-44.830074310302734,-45.22905731201172,-45.6280403137207,-46.02702713012695,-46.42601013183594,-46.82499313354492,-47.223976135253906,-47.622962951660156,-48.02194595336914,-47.50139236450195,-46.980838775634766,-46.46028137207031
-24.913265228271484,-25.65340805053711,-26.393552780151367,-27.133697509765625,-27.87384033203125,-28.613985061645508,-29.354127883911133,-30.09427261352539,-30.83441734313965,-31.574560165405273,-32.25083923339844,-32.79908752441406,-33.34733963012695,-33.895591735839844,-34.443843841552734,-34.992095947265625,-35.540348052978516,-36.088600158691406,-36.63684844970703,-37.18510055541992,-37.73335266113281,-38.2816047668457,-38.829856872558594,-39.378108978271484,-39.926361083984375,-40.474609375,-41.02286148071289,-41.49932098388672,-41.93983840942383,-42.3803596496582,-42.82087707519531,-43.26139831542969,-43.7019157409668,-44.14243698120117,-44.58295440673828,-45.02347183227539,-45.463993072509766,-45.904510498046875,-46.34503173828125,-46.78554916381836,-47.226070404052734,-47.666587829589844,-48.10710906982422,-48.54762649536133,-47.992095947265625,-47.436561584472656,-46.88103103637695
-24.165719985961914,-24.914941787719727,-25.66416358947754,-26.41338539123535,-27.162607192993164,-27.911828994750977,-28.66105079650879,-29.41027069091797,-30.15949249267578,-30.908714294433594,-31.60089874267578,-32.17874526977539,-32.756591796875,-33.334434509277344,-33.91228103637695,-34.49012756347656,-35.06797409057617,-35.645816802978516,-36.223663330078125,-36.801509857177734,-37.379356384277344,-37.95720291137695,-38.5350456237793,-39.112892150878906,-39.690738677978516,-40.268585205078125,-40.846431732177734,-41.36043930053711,-41.84249496459961,-42.324546813964844,-42.806602478027344,-43.288658142089844,-43.77070999145508,-44.25276565551758,-44.73482131958008,-45.21687316894531,-45.69892883300781,-46.18098449707031,-46.66303634643555,-47.14509201049805,-47.62714385986328,-48.10919952392578,-48.59125518798828,-49.073307037353516,-48.4827995300293,-47.89228820800781,-47.30177688598633
-23.418174743652344,-24.17647361755371,-24.93477439880371,-25.693073272705078,-26.451372146606445,-27.209671020507812,-27.967971801757812,-28.72627067565918,-29.484569549560547,-30.242870330810547,-30.950958251953125,-31.558399200439453,-32.16584014892578,-32.773277282714844,-33.38071823120117,-33.9881591796875,-34.59560012817383,-35.20303726196289,-35.81047821044922,-36.41791915893555,-37.025360107421875,-37.63279724121094,-38.240238189697266,-38.847679138183594,-39.455116271972656,-40.062557220458984,-40.66999816894531,-41.2215576171875,-41.745147705078125,-42.26873779296875,-42.792327880859375,-43.31591796875,-43.839508056640625,-44.363094329833984,-44.88668441772461,-45.410274505615234,-45.93386459350586,-46.457454681396484,-46.98104476928711,-47.50463104248047,-48.028221130371094,-48.55181121826172,-49.075401306152344,-49.59899139404297,-48.97350311279297,-48.34801483154297,-47.7225227355957
-22.670629501342773,-23.438007354736328,-24.20538330078125,-24.972761154174805,-25.74013900756836,-26.50751495361328,-27.274892807006836,-28.042268753051758,-28.809646606445312,-29.577024459838867,-30.3010196685791,-30.938053131103516,-31.575088500976562,-32.21212387084961,-32.84915542602539,-33.48619079589844,-34.123226165771484,-34.760257720947266,-35.39729309082031,-36.03432846069336,-36.67136001586914,-37.30839538574219,-37.945430755615234,-38.582462310791016,-39.21949768066406,-39.85653305053711,-40.49356460571289,-41.082679748535156,-41.647804260253906,-42.212928771972656,-42.778053283691406,-43.343177795410156,-43.908302307128906,-44.473426818847656,-45.038551330566406,-45.603675842285156,-46.168800354003906,-46.733924865722656,-47.299049377441406,-47.864173889160156,-48.429298400878906,-48.994422912597656,-49.559547424316406,-50.124671936035156,-49.46420669555664,-48.80373764038086,-48.143272399902344
-21.923084259033203,-22.699539184570312,-23.475994110107422,-24.25244903564453,-25.02890396118164,-25.80535888671875,-26.58181381225586,-27.35826873779297,-28.134723663330078,-28.911178588867188,-29.651081085205078,-30.31770896911621,-30.984336853027344,-31.650964736938477,-32.31759262084961,-32.984222412109375,-33.65085220336914,-34.31747817993164,-34.984107971191406,-35.650733947753906,-36.31736373901367,-36.98399353027344,-37.65061950683594,-38.3172492980957,-38.9838752746582,-39.65050506591797,-40.317134857177734,-40.94379806518555,-41.55045700073242,-42.1571159362793,-42.76377868652344,-43.37043762207031,-43.97709655761719,-44.58375549316406,-45.19041442871094,-45.79707717895508,-46.40373611450195,-47.01039505004883,-47.6170539855957,-48.22371292114258,-48.83037567138672,-49.437034606933594,-50.04369354248047,-50.650352478027344,-49.95490646362305,-49.259464263916016,-48.56401824951172
-21.175539016723633,-21.961071014404297,-22.746604919433594,-23.532136917114258,-24.317668914794922,-25.10320281982422,-25.888734817504883,-26.67426872253418,-27.459800720214844,-28.245332717895508,-29.001140594482422,-29.697362899780273,-30.393587112426758,-31.08980941772461,-31.78603172302246,-32.48225402832031,-33.17847442626953,-33.874698638916016,-34.5709228515625,-35.26714324951172,-35.9633674621582,-36.65958786010742,-37.355812072753906,-38.052032470703125,-38.74825668334961,-39.44447708129883,-40.14070129394531,-40.80491638183594,-41.4531135559082,-42.1013069152832,-42.7495002746582,-43.39769744873047,-44.04589080810547,-44.694087982177734,-45.342281341552734,-45.990474700927734,-46.638671875,-47.286865234375,-47.93505859375,-48.583255767822266,-49.231449127197266,-49.87964630126953,-50.52783966064453,-51.17603302001953,-50.44561004638672,-49.71519088745117,-48.98476791381836
-20.427993774414062,-21.222604751586914,-22.017213821411133,-22.811824798583984,-23.606435775756836,-24.401046752929688,-25.195655822753906,-25.990266799926758,-26.78487777709961,-27.57948875427246,-28.3512020111084,-29.07701873779297,-29.80283546447754,-30.52865219116211,-31.25446891784668,-31.98028564453125,-32.70610046386719,-33.43191909790039,-34.15773391723633,-34.88355255126953,-35.60936737060547,-36.33518600463867,-37.06100082397461,-37.78681945800781,-38.51263427734375,-39.23845291137695,-39.96426773071289,-40.666038513183594,-41.35576629638672,-42.04549789428711,-42.735225677490234,-43.424957275390625,-44.11468505859375,-44.80441665649414,-45.494144439697266,-46.183876037597656,-46.87360763549805,-47.56333541870117,-48.25306701660156,-48.94279479980469,-49.63252639770508,-50.3222541809082,-51.011985778808594,-51.701717376708984,-50.93631362915039,-50.17091369628906,-49.405513763427734
-19.680448532104492,-20.4841365814209,-21.287824630737305,-22.09151268005371,-22.895200729370117,-23.698888778686523,-24.502578735351562,-25.30626678466797,-26.109954833984375,-26.91364288330078,-27.701263427734375,-28.45667266845703,-29.21208381652832,-29.96749496459961,-30.7229061126709,-31.478317260742188,-32.233726501464844,-32.989139556884766,-33.74454879760742,-34.499961853027344,-35.25537109375,-36.010780334472656,-36.76619338989258,-37.521602630615234,-38.277015686035156,-39.03242492675781,-39.787837982177734,-40.527156829833984,-41.2584228515625,-41.98968505859375,-42.720951080322266,-43.45221710205078,-44.1834831237793,-44.91474533081055,-45.64601135253906,-46.37727737426758,-47.108543395996094,-47.839805603027344,-48.57107162475586,-49.302337646484375,-50.03360366821289,-50.76486587524414,-51.496131896972656,-52.22739791870117,-51.42701721191406,-50.62664031982422,-49.82625961303711
-18.932903289794922,-19.745668411254883,-20.558435440063477,-21.371200561523438,-22.18396759033203,-22.996732711791992,-23.809499740600586,-24.622264862060547,-25.43503189086914,-26.2477970123291,-27.05132293701172,-27.836328506469727,-28.621334075927734,-29.40633773803711,-30.191343307495117,-30.976348876953125,-31.761354446411133,-32.54636001586914,-33.331363677978516,-34.11636734008789,-34.90137481689453,-35.686378479003906,-36.47138214111328,-37.25638961791992,-38.0413932800293,-38.82640075683594,-39.61140441894531,-40.388275146484375,-41.161075592041016,-41.933876037597656,-42.7066764831543,-43.47947692871094,-44.25227737426758,-45.02507781982422,-45.79787826538086,-46.5706787109375,-47.343475341796875,-48.116275787353516,-48.889076232910156,-49.6618766784668,-50.43467712402344,-51.20747756958008,-51.98027801513672,-52.75307846069336,-51.917720794677734,-51.082366943359375,-50.24700927734375
-17.902099609375,-18.655221939086914,-19.408344268798828,-20.161466598510742,-20.914588928222656,-21.66771125793457,-22.420833587646484,-23.173954010009766,-23.92707633972168,-24.680198669433594,-25.42825698852539,-26.166160583496094,-26.90406608581543,-27.641971588134766,-28.3798770904541,-29.117782592773438,-29.85568618774414,-30.593591690063477,-31.331497192382812,-32.069400787353516,-32.807308197021484,-33.54521179199219,-34.283119201660156,-35.02102279663086,-35.75892639160156,-36.49683380126953,-37.234737396240234,-37.964996337890625,-38.691429138183594,-39.41786193847656,-40.14429473876953,-40.8707275390625,-41.59716033935547,-42.32359313964844,-43.050025939941406,-43.776458740234375,-44.502891540527344,-45.22932434082031,-45.95575714111328,-46.682186126708984,-47.40861892700195,-48.13505172729492,-48.86148452758789,-49.58791732788086,-48.84268569946289,-48.09745788574219,-47.35222625732422
-16.87129783630371,-17.564775466918945,-18.25825309753418,-18.951732635498047,-19.64521026611328,-20.338687896728516,-21.03216552734375,-21.725645065307617,-22.41912269592285,-23.112600326538086,-23.80518913269043,-24.495994567871094,-25.186800003051758,-25.877605438232422,-26.568410873413086,-27.259214401245117,-27.95001983642578,-28.640825271606445,-29.33163070678711,-30.022436141967773,-30.713241577148438,-31.40404510498047,-32.094852447509766,-32.7856559753418,-33.476463317871094,-34.167266845703125,-34.858070373535156,-35.54172134399414,-36.22178268432617,-36.90184783935547,-37.581912994384766,-38.26197814941406,-38.94204330444336,-39.622108459472656,-40.30217361450195,-40.98223876953125,-41.66230392456055,-42.342369079589844,-43.02243423461914,-43.70249938964844,-44.382564544677734,-45.062625885009766,-45.74269104003906,-46.42275619506836,-45.76765060424805,-45.112548828125,-44.45744323730469
