example/ArcGIS/ArcGIS JS API实现风场效果/uv0.json
{"header": { "refTime": "2021-05-01T00:00:00.000Z", "parameterCategory": 2, "parameterNumber": 3, "surface1Value": 100.0, "nx": 100, "ny": 100, "lo1": 119.8499984741211, "la1": 35.400001525878906, "dx": 0.01, "dy": 0.01 }, "data":
[rows 40 to 59 of 100, columns 45 to 89 of 100]
-39.901729583740234,-39.35244369506836,-38.803157806396484,-38.25387191772461,-37.80350112915039,-37.40264129638672,-37.00178527832031,-36.600929260253906,-36.2000732421875,-35.79921340942383,-35.39835739135742,-34.997501373291016,-34.59664535522461,-34.19578552246094,-33.79492950439453,-33.394073486328125,-32.99321746826172,-32.59236145019531,-32.19150161743164,-31.790645599365234,-31.389789581298828,-31.21363639831543,-31.03748321533203,-30.861330032348633,-30.685176849365234,-30.509023666381836,-30.332870483398438,-30.15671730041504,-29.98056411743164,-29.804410934448242,-29.62825584411621,-29.452102661132812,-29.275949478149414,-29.099796295166016,-28.923643112182617,-28.74748992919922,-28.57133674621582,-28.46240234375,-28.48821449279785,-28.51402473449707,-28.53983497619629,-28.56564712524414,-28.59145736694336,-28.61726951599121,-28.64307975769043
-38.80789566040039,-38.30831527709961,-37.808738708496094,-37.30915832519531,-36.89125442504883,-36.51423263549805,-36.137210845947266,-35.760189056396484,-35.38317108154297,-35.00614929199219,-34.629127502441406,-34.252105712890625,-33.875083923339844,-33.49806594848633,-33.12104415893555,-32.744022369384766,-32.367000579833984,-31.989978790283203,-31.612958908081055,-31.235937118530273,-30.858917236328125,-30.694080352783203,-30.529245376586914,-30.364408493041992,-30.199573516845703,-30.03473663330078,-29.869901657104492,-29.70506477355957,-29.54022979736328,-29.37539291381836,-29.21055793762207,-29.04572105407715,-28.88088607788086,-28.71605110168457,-28.55121421813965,-28.38637924194336,-28.221542358398438,-28.128101348876953,-28.17777442932129,-28.227447509765625,-28.277118682861328,-28.326791763305664,-28.37646484375,-28.426137924194336,-28.475811004638672
-37.71406173706055,-37.264190673828125,-36.8143196105957,-36.36444854736328,-35.979007720947266,-35.625823974609375,-35.27263641357422,-34.91945266723633,-34.56626892089844,-34.21308135986328,-33.85989761352539,-33.506710052490234,-33.153526306152344,-32.80034255981445,-32.4471549987793,-32.093971252441406,-31.740785598754883,-31.38759994506836,-31.034414291381836,-30.681228637695312,-30.32804298400879,-30.17452621459961,-30.021007537841797,-29.867488861083984,-29.713970184326172,-29.56045150756836,-29.406932830810547,-29.253414154052734,-29.099895477294922,-28.94637680053711,-28.792858123779297,-28.639339447021484,-28.485822677612305,-28.332304000854492,-28.17878532409668,-28.025266647338867,-27.871747970581055,-27.793798446655273,-27.867332458496094,-27.940868377685547,-28.014402389526367,-28.08793830871582,-28.16147232055664,-28.235008239746094,-28.308542251586914
-36.6202278137207,-36.22006607055664,-35.81990051269531,-35.419734954833984,-35.06676483154297,-34.7374153137207,-34.40806579589844,-34.07871627807617,-33.749366760253906,-33.42001724243164,-33.090667724609375,-32.76131820678711,-32.431968688964844,-32.10261917114258,-31.77326774597168,-31.443918228149414,-31.11456871032715,-30.785219192504883,-30.455869674682617,-30.12652015686035,-29.797170639038086,-29.654970169067383,-29.51276969909668,-29.370567321777344,-29.22836685180664,-29.086166381835938,-28.9439640045166,-28.8017635345459,-28.659563064575195,-28.51736068725586,-28.375160217285156,-28.232959747314453,-28.090757369995117,-27.948556900024414,-27.806354522705078,-27.664154052734375,-27.521953582763672,-27.459495544433594,-27.55689239501953,-27.65428924560547,-27.751686096191406,-27.849084854125977,-27.946481704711914,-28.04387855529785,-28.14127540588379
-35.526397705078125,-35.17593765258789,-34.82548141479492,-34.47502517700195,-34.154518127441406,-33.849002838134766,-33.54349136352539,-33.23797607421875,-32.932464599609375,-32.626949310302734,-32.321434020996094,-32.01592254638672,-31.71040916442871,-31.40489387512207,-31.099380493164062,-30.793867111206055,-30.488353729248047,-30.18284034729004,-29.87732696533203,-29.57181167602539,-29.266298294067383,-29.13541603088379,-29.004531860351562,-28.873647689819336,-28.74276351928711,-28.611879348754883,-28.48099708557129,-28.350112915039062,-28.219228744506836,-28.08834457397461,-27.957460403442383,-27.82657814025879,-27.695693969726562,-27.564809799194336,-27.43392562866211,-27.303041458129883,-27.17215919494629,-27.125194549560547,-27.24645233154297,-27.367712020874023,-27.488969802856445,-27.6102294921875,-27.731489181518555,-27.852746963500977,-27.97400665283203
-34.43256378173828,-34.131813049316406,-33.83106231689453,-33.530311584472656,-33.242271423339844,-32.960594177246094,-32.678916931152344,-32.397239685058594,-32.115562438964844,-31.83388328552246,-31.55220603942871,-31.270526885986328,-30.988849639892578,-30.707172393798828,-30.425493240356445,-30.143815994262695,-29.862138748168945,-29.580459594726562,-29.298782348632812,-29.017105102539062,-28.73542594909668,-28.615859985351562,-28.496294021606445,-28.376726150512695,-28.257160186767578,-28.13759422302246,-28.018028259277344,-27.898462295532227,-27.778894424438477,-27.65932846069336,-27.539762496948242,-27.420196533203125,-27.300628662109375,-27.181062698364258,-27.06149673461914,-26.941930770874023,-26.822362899780273,-26.790891647338867,-26.936012268066406,-27.081132888793945,-27.226253509521484,-27.371376037597656,-27.516496658325195,-27.661617279052734,-27.806737899780273
-33.33872985839844,-33.08768844604492,-32.83664321899414,-32.585601806640625,-32.33002853393555,-32.07218551635742,-31.814342498779297,-31.556501388549805,-31.29865837097168,-31.040817260742188,-30.782974243164062,-30.52513313293457,-30.267290115356445,-30.009449005126953,-29.751605987548828,-29.493764877319336,-29.23592185974121,-28.97808074951172,-28.720237731933594,-28.4623966217041,-28.204553604125977,-28.096303939819336,-27.988056182861328,-27.879806518554688,-27.771556854248047,-27.66330909729004,-27.5550594329834,-27.446809768676758,-27.33856201171875,-27.23031234741211,-27.12206268310547,-27.01381492614746,-26.90556526184082,-26.79731559753418,-26.68906593322754,-26.58081817626953,-26.47256851196289,-26.456588745117188,-26.625572204589844,-26.7945556640625,-26.963537216186523,-27.13252067565918,-27.301504135131836,-27.470487594604492,-27.639469146728516
-32.244895935058594,-32.04356002807617,-31.842226028442383,-31.64089012145996,-31.417781829833984,-31.183774948120117,-30.949769973754883,-30.715763092041016,-30.48175621032715,-30.247751235961914,-30.013744354248047,-29.77973747253418,-29.545732498168945,-29.311725616455078,-29.07771873474121,-28.843713760375977,-28.60970687866211,-28.375699996948242,-28.141693115234375,-27.90768814086914,-27.673681259155273,-27.576749801635742,-27.47981834411621,-27.38288688659668,-27.28595542907715,-27.189022064208984,-27.092090606689453,-26.995159149169922,-26.89822769165039,-26.80129623413086,-26.704364776611328,-26.607433319091797,-26.510499954223633,-26.4135684967041,-26.31663703918457,-26.21970558166504,-26.122774124145508,-26.12228775024414,-26.31513214111328,-26.507976531982422,-26.700820922851562,-26.893667221069336,-27.086511611938477,-27.279356002807617,-27.47220230102539
-31.151063919067383,-30.999435424804688,-30.847806930541992,-30.696178436279297,-30.505537033081055,-30.295366287231445,-30.085195541381836,-29.875024795532227,-29.664854049682617,-29.45468521118164,-29.24451446533203,-29.034343719482422,-28.824172973632812,-28.614002227783203,-28.403831481933594,-28.193660736083984,-27.983489990234375,-27.7733211517334,-27.56315040588379,-27.35297966003418,-27.14280891418457,-27.057193756103516,-26.971580505371094,-26.88596534729004,-26.800352096557617,-26.714736938476562,-26.629121780395508,-26.543508529663086,-26.45789337158203,-26.37228012084961,-26.286664962768555,-26.201051712036133,-26.115436553955078,-26.029821395874023,-25.9442081451416,-25.858592987060547,-25.772979736328125,-25.78798484802246,-26.00469207763672,-26.221399307250977,-26.4381046295166,-26.65481185913086,-26.871519088745117,-27.088226318359375,-27.304933547973633
-30.057231903076172,-29.955310821533203,-29.8533878326416,-29.751466751098633,-29.593292236328125,-29.406957626342773,-29.22062110900879,-29.034286499023438,-28.847951889038086,-28.661617279052734,-28.475282669067383,-28.28894805908203,-28.10261344909668,-27.916278839111328,-27.729944229125977,-27.543609619140625,-27.357275009155273,-27.170940399169922,-26.98460578918457,-26.79827117919922,-26.611936569213867,-26.537639617919922,-26.463342666625977,-26.38904571533203,-26.314748764038086,-26.24045181274414,-26.166154861450195,-26.09185791015625,-26.017560958862305,-25.94326400756836,-25.868967056274414,-25.79467010498047,-25.72037124633789,-25.646074295043945,-25.57177734375,-25.497480392456055,-25.42318344116211,-25.45368194580078,-25.694252014160156,-25.9348201751709,-26.17538833618164,-26.415958404541016,-26.656526565551758,-26.897096633911133,-27.137664794921875
-28.96339988708496,-28.911184310913086,-28.858970642089844,-28.80675506591797,-28.681045532226562,-28.51854705810547,-28.356048583984375,-28.19355010986328,-28.031049728393555,-27.86855125427246,-27.706052780151367,-27.543554306030273,-27.38105583190918,-27.218555450439453,-27.05605697631836,-26.893558502197266,-26.731060028076172,-26.568559646606445,-26.40606117248535,-26.243562698364258,-26.081064224243164,-26.018083572387695,-25.95510482788086,-25.89212417602539,-25.829145431518555,-25.766164779663086,-25.70318603515625,-25.64020538330078,-25.577226638793945,-25.51424789428711,-25.45126724243164,-25.388288497924805,-25.325307846069336,-25.2623291015625,-25.19934844970703,-25.136369705200195,-25.073389053344727,-25.1193790435791,-25.38381004333496,-25.64824104309082,-25.91267204284668,-26.177104949951172,-26.44153594970703,-26.70596694946289,-26.97039794921875
-27.869565963745117,-27.8670597076416,-27.864551544189453,-27.862043380737305,-27.768800735473633,-27.630138397216797,-27.491474151611328,-27.352811813354492,-27.214147567749023,-27.075485229492188,-26.93682289123535,-26.798158645629883,-26.659496307373047,-26.520832061767578,-26.382169723510742,-26.243507385253906,-26.104843139648438,-25.9661808013916,-25.827518463134766,-25.688854217529297,-25.55019187927246,-25.4985294342041,-25.446866989135742,-25.395204544067383,-25.343542098999023,-25.291879653930664,-25.240217208862305,-25.188554763793945,-25.136892318725586,-25.085229873657227,-25.033567428588867,-24.98190689086914,-24.93024444580078,-24.878582000732422,-24.826919555664062,-24.775257110595703,-24.723594665527344,-24.785078048706055,-25.0733699798584,-25.361663818359375,-25.64995765686035,-25.938249588012695,-26.226543426513672,-26.514835357666016,-26.803129196166992
-26.740039825439453,-26.762834548950195,-26.785629272460938,-26.808425903320312,-26.73111915588379,-26.603702545166016,-26.476287841796875,-26.348873138427734,-26.221458435058594,-26.094043731689453,-25.966629028320312,-25.839214324951172,-25.71179962158203,-25.58438491821289,-25.45697021484375,-25.32955551147461,-25.20214080810547,-25.074726104736328,-24.947311401367188,-24.819894790649414,-24.692480087280273,-24.649246215820312,-24.60601234436035,-24.56277847290039,-24.51954460144043,-24.47631072998047,-24.433076858520508,-24.389842987060547,-24.346609115600586,-24.303375244140625,-24.260141372680664,-24.216907501220703,-24.173673629760742,-24.13043975830078,-24.087203979492188,-24.043970108032227,-24.000736236572266,-24.08946990966797,-24.4427433013916,-24.796018600463867,-25.1492919921875,-25.502565383911133,-25.855838775634766,-26.2091121673584,-26.56238555908203
-25.539087295532227,-25.538347244262695,-25.537607192993164,-25.536867141723633,-25.442419052124023,-25.301061630249023,-25.159706115722656,-25.01835060119629,-24.87699317932129,-24.735637664794922,-24.594282150268555,-24.452924728393555,-24.311569213867188,-24.17021369934082,-24.02885627746582,-23.887500762939453,-23.746145248413086,-23.604787826538086,-23.46343231201172,-23.32207679748535,-23.18071937561035,-23.140132904052734,-23.099546432495117,-23.058958053588867,-23.01837158203125,-22.977785110473633,-22.937196731567383,-22.896610260009766,-22.85602378845215,-22.8154354095459,-22.77484893798828,-22.734262466430664,-22.693675994873047,-22.653087615966797,-22.61250114440918,-22.571914672851562,-22.531326293945312,-22.670839309692383,-23.17137908935547,-23.671916961669922,-24.172454833984375,-24.67299461364746,-25.173532485961914,-25.674070358276367,-26.174610137939453
-24.338134765625,-24.313859939575195,-24.289583206176758,-24.265308380126953,-24.153718948364258,-23.99842071533203,-23.843122482299805,-23.68782615661621,-23.532527923583984,-23.37723159790039,-23.221933364868164,-23.066635131835938,-22.911338806152344,-22.756040573120117,-22.600744247436523,-22.445446014404297,-22.29014778137207,-22.134851455688477,-21.97955322265625,-21.824256896972656,-21.66895866394043,-21.631019592285156,-21.59307861328125,-21.555137634277344,-21.51719856262207,-21.479257583618164,-21.44131851196289,-21.403377532958984,-21.36543846130371,-21.327497482299805,-21.28955841064453,-21.251617431640625,-21.21367835998535,-21.175737380981445,-21.13779640197754,-21.099857330322266,-21.06191635131836,-21.252208709716797,-21.900012969970703,-22.547815322875977,-23.195619583129883,-23.843421936035156,-24.491226196289062,-25.139028549194336,-25.786832809448242
-23.137184143066406,-23.089372634887695,-23.041561126708984,-22.993749618530273,-22.865018844604492,-22.69577980041504,-22.526540756225586,-22.357301712036133,-22.18806266784668,-22.018823623657227,-21.849584579467773,-21.680347442626953,-21.5111083984375,-21.341869354248047,-21.172630310058594,-21.00339126586914,-20.834152221679688,-20.664913177490234,-20.495676040649414,-20.32643699645996,-20.157197952270508,-20.121904373168945,-20.086610794067383,-20.051319122314453,-20.01602554321289,-19.980731964111328,-19.945438385009766,-19.910144805908203,-19.874853134155273,-19.83955955505371,-19.80426597595215,-19.768972396850586,-19.733678817749023,-19.698387145996094,-19.66309356689453,-19.62779998779297,-19.592506408691406,-19.83357810974121,-20.628646850585938,-21.423715591430664,-22.218782424926758,-23.013851165771484,-23.80891990661621,-24.603988647460938,-25.39905548095703
-21.93623161315918,-21.864885330200195,-21.793537139892578,-21.722190856933594,-21.576318740844727,-21.393136978149414,-21.209957122802734,-21.026777267456055,-20.843597412109375,-20.660417556762695,-20.477237701416016,-20.294057846069336,-20.110877990722656,-19.927698135375977,-19.744516372680664,-19.561336517333984,-19.378156661987305,-19.194976806640625,-19.011796951293945,-18.828617095947266,-18.645437240600586,-18.612791061401367,-18.58014488220215,-18.54749870300293,-18.51485252380371,-18.482206344604492,-18.449560165405273,-18.416913986206055,-18.384267807006836,-18.351619720458984,-18.318973541259766,-18.286327362060547,-18.253681182861328,-18.22103500366211,-18.18838882446289,-18.155742645263672,-18.123096466064453,-18.414947509765625,-19.357280731201172,-20.29961395263672,-21.241947174072266,-22.184280395507812,-23.12661361694336,-24.068946838378906,-25.011280059814453
-20.735279083251953,-20.640396118164062,-20.545515060424805,-20.450634002685547,-20.28761863708496,-20.090496063232422,-19.893375396728516,-19.696252822875977,-19.49913215637207,-19.302011489868164,-19.104888916015625,-18.90776824951172,-18.710647583007812,-18.513525009155273,-18.316404342651367,-18.119281768798828,-17.922161102294922,-17.725040435791016,-17.527917861938477,-17.33079719543457,-17.133676528930664,-17.103675842285156,-17.07367706298828,-17.043678283691406,-17.01367950439453,-16.983678817749023,-16.95368003845215,-16.923681259155273,-16.893680572509766,-16.86368179321289,-16.833683013916016,-16.80368423461914,-16.773683547973633,-16.743684768676758,-16.713685989379883,-16.683687210083008,-16.6536865234375,-16.99631690979004,-18.085914611816406,-19.175514221191406,-20.265111923217773,-21.35470962524414,-22.444307327270508,-23.533905029296875,-24.623502731323242
-19.534326553344727,-19.415908813476562,-19.2974910736084,-19.179075241088867,-18.998918533325195,-18.78785514831543,-18.576791763305664,-18.36573028564453,-18.154666900634766,-17.943603515625,-17.732542037963867,-17.5214786529541,-17.310415267944336,-17.099353790283203,-16.888290405273438,-16.677228927612305,-16.46616554260254,-16.255102157592773,-16.04404067993164,-15.832977294921875,-15.621914863586426,-15.594562530517578,-15.56721019744873,-15.539857864379883,-15.512505531311035,-15.485153198242188,-15.45780086517334,-15.430448532104492,-15.403096199035645,-15.375743865966797,-15.34839153289795,-15.321039199829102,-15.293686866760254,-15.266334533691406,-15.238981246948242,-15.211628913879395,-15.184276580810547,-15.577686309814453,-16.814550399780273,-18.05141258239746,-19.28827476501465,-20.52513885498047,-21.762001037597656,-22.998863220214844,-24.235727310180664
-18.3333740234375,-18.191421508789062,-18.049468994140625,-17.907516479492188,-17.71021842956543,-17.485214233398438,-17.260210037231445,-17.035205841064453,-16.81020164489746,-16.58519744873047,-16.360193252563477,-16.135189056396484,-15.910185813903809,-15.685181617736816,-15.460177421569824,-15.235174179077148,-15.010169982910156,-14.785165786743164,-14.560161590576172,-14.33515739440918,-14.110154151916504,-14.085448265075684,-14.06074333190918,-14.03603744506836,-14.011332511901855,-13.986626625061035,-13.961921691894531,-13.937215805053711,-13.912510871887207,-13.887804985046387,-13.863099098205566,-13.838394165039062,-13.813688278198242,-13.788983345031738,-13.764277458190918,-13.739572525024414,-13.714866638183594,-14.159055709838867,-15.543184280395508,-16.927310943603516,-18.311439514160156,-19.695568084716797,-21.079694747924805,-22.463823318481445,-23.847949981689453
