example/ArcGIS/ArcGIS JS API实现风场效果/uv0.json
{"header": { "refTime": "2021-05-01T00:00:00.000Z", "parameterCategory": 2, "parameterNumber": 2, "surface1Value": 100.0, "nx": 100, "ny": 100, "lo1": 119.8499984741211, "la1": 35.400001525878906, "dx": 0.01, "dy": 0.01 }, "data":
[rows 42 to 62 of 100, columns 0 to 46 of 100]
-1.9762918949127197,-2.1739211082458496,-2.3715503215789795,-2.5691792964935303,-2.76680850982666,-2.96443772315979,-3.16206693649292,-3.3382489681243896,-3.47143816947937,-3.6046273708343506,-3.737816572189331,-3.8710060119628906,-4.004195213317871,-4.137384414672852,-4.270573616027832,-4.4037628173828125,-4.536952018737793,-4.670141220092773,-4.803330421447754,-4.936520099639893,-5.069709300994873,-5.2028985023498535,-5.336087703704834,-5.4692769050598145,-6.452088832855225,-7.860198020935059,-9.26830768585205,-10.676416397094727,-12.084526062011719,-13.492635726928711,-14.900745391845703,-16.308855056762695,-17.716964721679688,-19.125072479248047,-20.53318214416504,-21.94129180908203,-23.349401473999023,-24.757511138916016,-26.165620803833008,-27.57373046875,-28.98183822631836,-29.562482833862305,-30.14312744140625,-30.723772048950195,-31.304414749145508,-31.885059356689453,-32.465702056884766
-0.49435561895370483,-0.5437911748886108,-0.5932267308235168,-0.6426622867584229,-0.6920978426933289,-0.7415334582328796,-0.7909690141677856,-0.8350396752357483,-0.8683560490608215,-0.9016724228858948,-0.934988796710968,-0.9683051109313965,-1.0016214847564697,-1.034937858581543,-1.0682542324066162,-1.1015706062316895,-1.1348869800567627,-1.1682032346725464,-1.2015196084976196,-1.2348359823226929,-1.2681523561477661,-1.3014687299728394,-1.3347851037979126,-1.3681014776229858,-2.4163427352905273,-3.9726274013519287,-5.52891206741333,-7.0851969718933105,-8.641481399536133,-10.197766304016113,-11.754051208496094,-13.310335159301758,-14.866620063781738,-16.42290496826172,-17.979188919067383,-19.53547477722168,-21.091758728027344,-22.648042678833008,-24.204328536987305,-25.76061248779297,-27.316898345947266,-27.95815086364746,-28.59940528869629,-29.240659713745117,-29.881912231445312,-30.52316665649414,-31.164419174194336
0.0,0.0,0.0,0.0,0.0,0.0,0.0,0.0,0.0,0.0,0.0,0.0,0.0,0.0,0.0,0.0,0.0,0.0,0.0,0.0,0.0,0.0,0.0,0.0,-1.0484548807144165,-2.621737241744995,-4.195019721984863,-5.768301963806152,-7.3415846824646,-8.914867401123047,-10.488149642944336,-12.061431884765625,-13.634714126586914,-15.207996368408203,-16.781278610229492,-18.35456085205078,-19.92784309387207,-21.501127243041992,-23.07440948486328,-24.64769172668457,-26.22097396850586,-26.88849639892578,-27.55601692199707,-28.223539352416992,-28.891061782836914,-29.558582305908203,-30.226104736328125
0.0,0.0,0.0,0.0,0.0,0.0,0.0,0.0,0.0,0.0,0.0,0.0,0.0,0.0,0.0,0.0,0.0,0.0,0.0,0.0,0.0,0.0,0.0,0.0,-1.0160231590270996,-2.5406394004821777,-4.065255641937256,-5.589871883392334,-7.11448860168457,-8.639104843139648,-10.163721084594727,-11.688337326049805,-13.212953567504883,-14.737569808959961,-16.26218605041504,-17.786802291870117,-19.311418533325195,-20.836034774780273,-22.36065101623535,-23.88526725769043,-25.409883499145508,-26.086483001708984,-26.76308250427246,-27.43968391418457,-28.116283416748047,-28.792882919311523,-29.469482421875
0.0,0.0,0.0,0.0,0.0,0.0,0.0,0.0,0.0,0.0,0.0,0.0,0.0,0.0,0.0,0.0,0.0,0.0,0.0,0.0,0.0,0.0,0.0,0.0,-0.9835914373397827,-2.4595415592193604,-3.9354918003082275,-5.411442279815674,-6.887392044067383,-8.36334228515625,-9.839292526245117,-11.315242767333984,-12.791193008422852,-14.267143249511719,-15.743093490600586,-17.219043731689453,-18.69499397277832,-20.170944213867188,-21.646894454956055,-23.122844696044922,-24.59879493713379,-25.28447151184082,-25.970149993896484,-26.655826568603516,-27.34150505065918,-28.02718162536621,-28.712858200073242
0.0,0.0,0.0,0.0,0.0,0.0,0.0,0.0,0.0,0.0,0.0,0.0,0.0,0.0,0.0,0.0,0.0,0.0,0.0,0.0,0.0,0.0,0.0,0.0,-0.9511597752571106,-2.378443717956543,-3.805727958679199,-5.2330121994018555,-6.6602959632873535,-8.087579727172852,-9.514863967895508,-10.942148208618164,-12.36943244934082,-13.796716690063477,-15.224000930786133,-16.65128517150879,-18.078569412231445,-19.5058536529541,-20.933137893676758,-22.36042022705078,-23.787704467773438,-24.482460021972656,-25.177215576171875,-25.871971130371094,-26.56672477722168,-27.2614803314209,-27.956235885620117
0.0,0.0,0.0,0.0,0.0,0.0,0.0,0.0,0.0,0.0,0.0,0.0,0.0,0.0,0.0,0.0,0.0,0.0,0.0,0.0,0.0,0.0,0.0,0.0,-0.9187280535697937,-2.2973461151123047,-3.675964117050171,-5.054582118988037,-6.433199882507324,-7.8118181228637695,-9.190436363220215,-10.569053649902344,-11.947671890258789,-13.326290130615234,-14.704907417297363,-16.083526611328125,-17.462142944335938,-18.840761184692383,-20.219379425048828,-21.597997665405273,-22.97661590576172,-23.680448532104492,-24.384281158447266,-25.08811378479004,-25.791946411132812,-26.49578094482422,-27.199613571166992
0.0,0.0,0.0,0.0,0.0,0.0,0.0,0.0,0.0,0.0,0.0,0.0,0.0,0.0,0.0,0.0,0.0,0.0,0.0,0.0,0.0,0.0,0.0,0.0,-0.8862963318824768,-2.2162482738494873,-3.5462000370025635,-4.876152038574219,-6.206103801727295,-7.536055564880371,-8.866007804870605,-10.195959091186523,-11.525911331176758,-12.855863571166992,-14.18581485748291,-15.515767097473145,-16.845718383789062,-18.175670623779297,-19.50562286376953,-20.835575103759766,-22.165525436401367,-22.878437042236328,-23.591346740722656,-24.304258346557617,-25.017168045043945,-25.730079650878906,-26.442989349365234
0.0,0.0,0.0,0.0,0.0,0.0,0.0,0.0,0.0,0.0,0.0,0.0,0.0,0.0,0.0,0.0,0.0,0.0,0.0,0.0,0.0,0.0,0.0,0.0,-0.8538646697998047,-2.13515043258667,-3.416436195373535,-4.6977219581604,-5.979007720947266,-7.260293483734131,-8.541579246520996,-9.822864532470703,-11.104150772094727,-12.385436058044434,-13.666722297668457,-14.948007583618164,-16.229293823242188,-17.51058006286621,-18.7918643951416,-20.073150634765625,-21.35443687438965,-22.076425552368164,-22.79841423034668,-23.520401000976562,-24.242389678955078,-24.964378356933594,-25.68636703491211
0.0,0.0,0.0,0.0,0.0,0.0,0.0,0.0,0.0,0.0,0.0,0.0,0.0,0.0,0.0,0.0,0.0,0.0,0.0,0.0,0.0,0.0,0.0,0.0,-0.8214329481124878,-2.0540525913238525,-3.2866721153259277,-4.519291877746582,-5.751911640167236,-6.984530925750732,-8.217150688171387,-9.449769973754883,-10.682390213012695,-11.915009498596191,-13.147629737854004,-14.3802490234375,-15.612868309020996,-16.845487594604492,-18.078107833862305,-19.310728073120117,-20.543346405029297,-21.2744140625,-22.00547981262207,-22.73654556274414,-23.46761131286621,-24.19867706298828,-24.929744720458984
0.0,0.0,0.0,0.0,0.0,0.0,0.0,0.0,0.0,0.0,0.0,0.0,0.0,0.0,0.0,0.0,0.0,0.0,0.0,0.0,0.0,0.0,0.0,0.0,-0.7890012264251709,-1.9729547500610352,-3.1569082736968994,-4.340861797332764,-5.524815559387207,-6.708768844604492,-7.8927226066589355,-9.076676368713379,-10.260629653930664,-11.44458293914795,-12.628536224365234,-13.812490463256836,-14.996443748474121,-16.180397033691406,-17.364351272583008,-18.548303604125977,-19.732257843017578,-20.472400665283203,-21.21254539489746,-21.95269012451172,-22.692832946777344,-23.4329776763916,-24.173120498657227
0.0,0.0,0.0,0.0,0.0,0.0,0.0,0.0,0.0,0.0,0.0,0.0,0.0,0.0,0.0,0.0,0.0,0.0,0.0,0.0,0.0,0.0,0.0,0.0,-0.7565695643424988,-1.8918570280075073,-3.027144432067871,-4.162431716918945,-5.2977190017700195,-6.433006763458252,-7.568294048309326,-8.703581809997559,-9.838869094848633,-10.974156379699707,-12.109443664550781,-13.244730949401855,-14.38001823425293,-15.515305519104004,-16.650592803955078,-17.78588104248047,-18.921167373657227,-19.67038917541504,-20.41961097717285,-21.168832778930664,-21.918054580688477,-22.66727638244629,-23.4164981842041
0.0,0.0,0.0,0.0,0.0,0.0,0.0,0.0,0.0,0.0,0.0,0.0,0.0,0.0,0.0,0.0,0.0,0.0,0.0,0.0,0.0,0.0,0.0,0.0,-0.7241378426551819,-1.81075918674469,-2.8973803520202637,-3.984001874923706,-5.07062292098999,-6.1572442054748535,-7.243865489959717,-8.330487251281738,-9.417108535766602,-10.503729820251465,-11.590351104736328,-12.676972389221191,-13.763593673706055,-14.850214958190918,-15.936836242675781,-17.023456573486328,-18.110078811645508,-18.868377685546875,-19.626678466796875,-20.384977340698242,-21.14327621459961,-21.901575088500977,-22.659875869750977
0.0,0.0,0.0,0.0,0.0,0.0,0.0,0.0,0.0,0.0,0.0,0.0,0.0,0.0,0.0,0.0,0.0,0.0,0.0,0.0,0.0,0.0,0.0,0.0,-0.6917061805725098,-1.7296613454818726,-2.7676165103912354,-3.8055717945098877,-4.843526840209961,-5.881482124328613,-6.919437408447266,-7.957392692565918,-8.99534797668457,-10.033303260803223,-11.071257591247559,-12.109212875366211,-13.147168159484863,-14.185123443603516,-15.223078727722168,-16.26103401184082,-17.298988342285156,-18.06636619567871,-18.833744049072266,-19.601119995117188,-20.368497848510742,-21.135875701904297,-21.90325164794922
0.0,0.0,0.0,0.0,0.0,0.0,0.0,0.0,0.0,0.0,0.0,0.0,0.0,0.0,0.0,0.0,0.0,0.0,0.0,0.0,0.0,0.0,0.0,0.0,-0.6592744588851929,-1.6485635042190552,-2.637852668762207,-3.6271417140960693,-4.616430759429932,-5.605720043182373,-6.595008850097656,-7.584298133850098,-8.573587417602539,-9.562875747680664,-10.552165031433105,-11.541454315185547,-12.530743598937988,-13.52003288269043,-14.509321212768555,-15.498610496520996,-16.487899780273438,-17.264354705810547,-18.040809631347656,-18.817264556884766,-19.593719482421875,-20.370174407958984,-21.146629333496094
0.0,0.0,0.0,0.0,0.0,0.0,0.0,0.0,0.0,0.0,0.0,0.0,0.0,0.0,0.0,0.0,0.0,0.0,0.0,0.0,0.0,0.0,0.0,0.0,-0.626842737197876,-1.5674657821655273,-2.5080885887145996,-3.448711633682251,-4.389334678649902,-5.329957485198975,-6.270580768585205,-7.211203575134277,-8.151826858520508,-9.092449188232422,-10.033072471618652,-10.973695755004883,-11.914318084716797,-12.854941368103027,-13.795564651489258,-14.736186981201172,-15.676810264587402,-16.462343215942383,-17.247875213623047,-18.033409118652344,-18.818941116333008,-19.604473114013672,-20.39000701904297
0.0,0.0,0.0,0.0,0.0,0.0,0.0,0.0,0.0,0.0,0.0,0.0,0.0,0.0,0.0,0.0,0.0,0.0,0.0,0.0,0.0,0.0,0.0,0.0,-0.5944110751152039,-1.48636794090271,-2.3783247470855713,-3.2702815532684326,-4.162238597869873,-5.054195404052734,-5.946152210235596,-6.838109016418457,-7.730065822601318,-8.62202262878418,-9.5139799118042,-10.405936241149902,-11.297893524169922,-12.189849853515625,-13.081807136535645,-13.973763465881348,-14.865720748901367,-15.660330772399902,-16.454940795898438,-17.24955177307129,-18.04416275024414,-18.838773727416992,-19.63338279724121
0.0,0.0,0.0,0.0,0.0,0.0,0.0,0.0,0.0,0.0,0.0,0.0,0.0,0.0,0.0,0.0,0.0,0.0,0.0,0.0,0.0,0.0,0.0,0.0,-0.561979353427887,-1.4052700996398926,-2.248560905456543,-3.0918514728546143,-3.9351422786712646,-4.778432846069336,-5.621723651885986,-6.465014457702637,-7.308305263519287,-8.151596069335938,-8.99488639831543,-9.838177680969238,-10.68146800994873,-11.524759292602539,-12.368049621582031,-13.21134090423584,-14.054631233215332,-14.858319282531738,-15.662007331848145,-16.465696334838867,-17.269384384155273,-18.07307243347168,-18.876760482788086
0.0,0.0,0.0,0.0,0.0,0.0,0.0,0.0,0.0,0.0,0.0,0.0,0.0,0.0,0.0,0.0,0.0,0.0,0.0,0.0,0.0,0.0,0.0,0.0,-0.5295476913452148,-1.3241722583770752,-2.1187968254089355,-2.913421630859375,-3.7080461978912354,-4.502670764923096,-5.297295570373535,-6.091919898986816,-6.886544704437256,-7.681169509887695,-8.475793838500977,-9.270418167114258,-10.065043449401855,-10.859667778015137,-11.654292106628418,-12.448917388916016,-13.243541717529297,-14.056307792663574,-14.869073867797852,-15.681839942932129,-16.494606018066406,-17.307371139526367,-18.12013816833496
0.0,0.0,0.0,0.0,0.0,0.0,0.0,0.0,0.0,0.0,0.0,0.0,0.0,0.0,0.0,0.0,0.0,0.0,0.0,0.0,0.0,0.0,0.0,0.0,-0.5050248503684998,-1.2628511190414429,-2.0206775665283203,-2.778503894805908,-3.536330223083496,-4.294156551361084,-5.051982879638672,-5.80980920791626,-6.567635536193848,-7.3254618644714355,-8.083288192749023,-8.84111499786377,-9.5989408493042,-10.356767654418945,-11.114593505859375,-11.872420310974121,-12.63024616241455,-13.383368492126465,-14.136489868164062,-14.889612197875977,-15.64273452758789,-16.395856857299805,-17.14897918701172
0.0,0.0,0.0,0.0,0.0,0.0,0.0,0.0,0.0,0.0,0.0,0.0,0.0,0.0,0.0,0.0,0.0,0.0,0.0,0.0,0.0,0.0,0.0,0.0,-0.48050200939178467,-1.2015300989151,-1.922558069229126,-2.6435861587524414,-3.364614248275757,-4.085642337799072,-4.806670188903809,-5.527698516845703,-6.2487263679504395,-6.969754219055176,-7.69078254699707,-8.411810874938965,-9.132838249206543,-9.853866577148438,-10.574894905090332,-11.29592227935791,-12.016950607299805,-12.710429191589355,-13.40390682220459,-14.09738540649414,-14.790863037109375,-15.484341621398926,-16.177820205688477
