example/ArcGIS/ArcGIS JS API实现风场效果/uv0.json
{"header": { "refTime": "2021-05-01T00:00:00.000Z", "parameterCategory": 2, "parameterNumber": 3, "surface1Value": 100.0, "nx": 100, "ny": 100, "lo1": 119.8499984741211, "la1": 35.400001525878906, "dx": 0.01, "dy": 0.01 }, "data":
[rows 0 to 19 of 100, columns 45 to 89 of 100]
-39.42107391357422,-39.193115234375,-38.96515655517578,-38.73719787597656,-38.50343704223633,-38.26676559448242,-38.03009796142578,-37.79343032836914,-37.5567626953125,-37.320091247558594,-37.08342361450195,-36.84675598144531,-36.610084533691406,-36.373416900634766,-36.136749267578125,-35.900081634521484,-35.66341018676758,-35.42674255371094,-35.1900749206543,-34.95340347290039,-34.71673583984375,-34.484344482421875,-34.251949310302734,-34.01955795288086,-33.787166595458984,-33.554771423339844,-33.32238006591797,-33.089988708496094,-32.85759353637695,-32.62520217895508,-32.39280700683594,-32.16041564941406,-31.928024291992188,-31.69563102722168,-31.463237762451172,-31.230844497680664,-30.99845314025879,-30.77189064025879,-30.557018280029297,-30.342145919799805,-30.127273559570312,-29.91240119934082,-29.697528839111328,-29.482656478881836,-29.267784118652344
-39.49441909790039,-39.27048110961914,-39.04654312133789,-38.82260513305664,-38.59096908569336,-38.355472564697266,-38.11997985839844,-37.88448715209961,-37.648990631103516,-37.41349792480469,-37.17800521850586,-36.942508697509766,-36.70701599121094,-36.47152328491211,-36.236026763916016,-36.00053405761719,-35.76504135131836,-35.529544830322266,-35.29405212402344,-35.05855941772461,-34.823062896728516,-34.591796875,-34.360530853271484,-34.1292610168457,-33.89799499511719,-33.666725158691406,-33.43545913696289,-33.204193115234375,-32.972923278808594,-32.74165725708008,-32.51039123535156,-32.27912139892578,-32.047855377197266,-31.816587448120117,-31.58531951904297,-31.35405158996582,-31.122785568237305,-30.897415161132812,-30.683870315551758,-30.470325469970703,-30.25678062438965,-30.04323387145996,-29.829689025878906,-29.61614418029785,-29.402599334716797
-39.54391098022461,-39.324493408203125,-39.105072021484375,-38.88565444946289,-38.655845642089844,-38.420833587646484,-38.185821533203125,-37.950809478759766,-37.715797424316406,-37.48078536987305,-37.24577713012695,-37.010765075683594,-36.775753021240234,-36.540740966796875,-36.305728912353516,-36.070716857910156,-35.83570861816406,-35.6006965637207,-35.365684509277344,-35.130672454833984,-34.895660400390625,-34.665184020996094,-34.4347038269043,-34.2042236328125,-33.9737434387207,-33.743263244628906,-33.512786865234375,-33.28230667114258,-33.05182647705078,-32.821346282958984,-32.59086990356445,-32.360389709472656,-32.12990951538086,-31.899429321289062,-31.6689510345459,-31.4384708404541,-31.207992553710938,-30.983694076538086,-30.77178955078125,-30.559885025024414,-30.347980499267578,-30.136075973510742,-29.924171447753906,-29.71226692199707,-29.500362396240234
-39.54566955566406,-39.331764221191406,-39.11785888671875,-38.903953552246094,-38.675384521484375,-38.43946838378906,-38.203556060791016,-37.9676399230957,-37.731727600097656,-37.49581527709961,-37.2598991394043,-37.02398681640625,-36.78807067871094,-36.55215835571289,-36.31624221801758,-36.08032989501953,-35.84441375732422,-35.60850143432617,-35.372589111328125,-35.13667297363281,-34.900760650634766,-34.67039489746094,-34.44002914428711,-34.20966339111328,-33.97929763793945,-33.748931884765625,-33.51856231689453,-33.2881965637207,-33.057830810546875,-32.82746505737305,-32.59709930419922,-32.36673355102539,-32.13636779785156,-31.906003952026367,-31.67563819885254,-31.44527244567871,-31.21490478515625,-30.991439819335938,-30.781803131103516,-30.572166442871094,-30.362529754638672,-30.15289306640625,-29.943256378173828,-29.733619689941406,-29.523983001708984
-39.547428131103516,-39.33903503417969,-39.130645751953125,-38.92225646972656,-38.694923400878906,-38.458106994628906,-38.221290588378906,-37.984474182128906,-37.747657775878906,-37.510841369628906,-37.27402114868164,-37.03720474243164,-36.80038833618164,-36.56357192993164,-36.32675552368164,-36.08993911743164,-35.85312271118164,-35.61630630493164,-35.37948989868164,-35.14267349243164,-34.90585708618164,-34.67560577392578,-34.445350646972656,-34.2150993347168,-33.98484802246094,-33.75459671020508,-33.52434158325195,-33.294090270996094,-33.063838958740234,-32.833587646484375,-32.60333251953125,-32.37308120727539,-32.14282989501953,-31.91257667541504,-31.682323455810547,-31.452072143554688,-31.221818923950195,-30.999183654785156,-30.79181480407715,-30.58444595336914,-30.377077102661133,-30.169708251953125,-29.96234130859375,-29.754972457885742,-29.547603607177734
-39.5491828918457,-39.346309661865234,-39.1434326171875,-38.940555572509766,-38.71446228027344,-38.476741790771484,-38.2390251159668,-38.001304626464844,-37.76358413696289,-37.5258674621582,-37.28814697265625,-37.0504264831543,-36.81270980834961,-36.574989318847656,-36.3372688293457,-36.099552154541016,-35.86183166503906,-35.62411117553711,-35.38639450073242,-35.14867401123047,-34.910953521728516,-34.680816650390625,-34.45067596435547,-34.22053909301758,-33.99039840698242,-33.76026153564453,-33.530120849609375,-33.299983978271484,-33.06984329223633,-32.83970642089844,-32.60956573486328,-32.37942886352539,-32.149288177490234,-31.91914939880371,-31.689010620117188,-31.458871841430664,-31.22873306274414,-31.006927490234375,-30.80182647705078,-30.596725463867188,-30.391626358032227,-30.186525344848633,-29.98142433166504,-29.776323318481445,-29.571224212646484
-39.550941467285156,-39.353580474853516,-39.156219482421875,-38.958858489990234,-38.73400115966797,-38.49538040161133,-38.25675582885742,-38.01813507080078,-37.77951431274414,-37.5408935546875,-37.302268981933594,-37.06364822387695,-36.82502746582031,-36.58640670776367,-36.347782135009766,-36.109161376953125,-35.870540618896484,-35.631919860839844,-35.39329528808594,-35.1546745300293,-34.916053771972656,-34.68602752685547,-34.45600128173828,-34.225975036621094,-33.99595260620117,-33.765926361083984,-33.5359001159668,-33.30587387084961,-33.07584762573242,-32.8458251953125,-32.61579895019531,-32.385772705078125,-32.15574645996094,-31.925722122192383,-31.695697784423828,-31.46567153930664,-31.235645294189453,-31.014671325683594,-30.811838150024414,-30.609006881713867,-30.406173706054688,-30.203340530395508,-30.00050926208496,-29.79767608642578,-29.594844818115234
-39.55270004272461,-39.36085510253906,-39.16900634765625,-38.97715759277344,-38.7535400390625,-38.514015197753906,-38.27449035644531,-38.03496551513672,-37.795440673828125,-37.5559196472168,-37.3163948059082,-37.07686996459961,-36.837345123291016,-36.59782028198242,-36.35829544067383,-36.118770599365234,-35.879249572753906,-35.63972473144531,-35.40019989013672,-35.160675048828125,-34.92115020751953,-34.69123840332031,-34.461326599121094,-34.231414794921875,-34.001502990722656,-33.77159118652344,-33.54167938232422,-33.311767578125,-33.08185577392578,-32.85194396972656,-32.622032165527344,-32.392120361328125,-32.162208557128906,-31.932294845581055,-31.702383041381836,-31.472471237182617,-31.2425594329834,-31.022415161132812,-30.82185173034668,-30.621286392211914,-30.42072105407715,-30.220157623291016,-30.01959228515625,-29.819028854370117,-29.61846351623535
-39.55445861816406,-39.368125915527344,-39.181793212890625,-38.995460510253906,-38.77307891845703,-38.532649993896484,-38.2922248840332,-38.05179977416992,-37.811370849609375,-37.570945739746094,-37.33051681518555,-37.090091705322266,-36.84966278076172,-36.60923767089844,-36.36880874633789,-36.12838363647461,-35.88795471191406,-35.64752960205078,-35.407100677490234,-35.16667556762695,-34.92625045776367,-34.696449279785156,-34.466651916503906,-34.236854553222656,-34.00705337524414,-33.77725601196289,-33.54745864868164,-33.317657470703125,-33.087860107421875,-32.858062744140625,-32.628265380859375,-32.39846420288086,-32.16866683959961,-31.938867568969727,-31.709070205688477,-31.479270935058594,-31.249473571777344,-31.03015899658203,-30.831863403320312,-30.63356590270996,-30.435270309448242,-30.23697280883789,-30.038677215576172,-29.840381622314453,-29.6420841217041
-39.556217193603516,-39.375396728515625,-39.194580078125,-39.01375961303711,-38.79261779785156,-38.55128860473633,-38.309959411621094,-38.06863021850586,-37.827301025390625,-37.58597183227539,-37.344642639160156,-37.103309631347656,-36.86198043823242,-36.62065124511719,-36.37932205200195,-36.13799285888672,-35.896663665771484,-35.65533447265625,-35.414005279541016,-35.17267608642578,-34.93134689331055,-34.70166015625,-34.47197723388672,-34.24229049682617,-34.01260757446289,-33.782920837402344,-33.55323791503906,-33.323551177978516,-33.093868255615234,-32.86418151855469,-32.63449478149414,-32.40481185913086,-32.17512512207031,-31.94544219970703,-31.715757369995117,-31.486072540283203,-31.256385803222656,-31.03790283203125,-30.841875076293945,-30.64584732055664,-30.449817657470703,-30.2537899017334,-30.057762145996094,-29.861732482910156,-29.66570472717285
-39.55797576904297,-39.38267135620117,-39.207366943359375,-39.03206253051758,-38.812156677246094,-38.569923400878906,-38.327693939208984,-38.0854606628418,-37.84322738647461,-37.60099792480469,-37.3587646484375,-37.11653137207031,-36.87430191040039,-36.6320686340332,-36.389835357666016,-36.147605895996094,-35.905372619628906,-35.66313934326172,-35.4209098815918,-35.17867660522461,-34.93644332885742,-34.706871032714844,-34.47730255126953,-34.24773025512695,-34.018157958984375,-33.7885856628418,-33.55901336669922,-33.329444885253906,-33.09987258911133,-32.87030029296875,-32.64072799682617,-32.41115951538086,-32.18158721923828,-31.952014923095703,-31.722442626953125,-31.49287223815918,-31.2632999420166,-31.04564666748047,-30.851886749267578,-30.658126831054688,-30.464366912841797,-30.270606994628906,-30.076845169067383,-29.883085250854492,-29.6893253326416
-39.559730529785156,-39.38994216918945,-39.22015380859375,-39.05036163330078,-38.831695556640625,-38.58856201171875,-38.345428466796875,-38.102291107177734,-37.85915756225586,-37.616024017333984,-37.372886657714844,-37.12975311279297,-36.886619567871094,-36.64348602294922,-36.40034866333008,-36.1572151184082,-35.91408157348633,-35.67094421386719,-35.42781066894531,-35.18467712402344,-34.94154357910156,-34.71208572387695,-34.482627868652344,-34.25316619873047,-34.02370834350586,-33.79425048828125,-33.56479263305664,-33.33533477783203,-33.10587692260742,-32.87641906738281,-32.6469612121582,-32.417503356933594,-32.188045501708984,-31.958587646484375,-31.729129791259766,-31.499671936035156,-31.270214080810547,-31.05339241027832,-30.86189842224121,-30.670406341552734,-30.478914260864258,-30.28742218017578,-30.095930099487305,-29.904438018798828,-29.71294593811035
-39.56148910522461,-39.397212982177734,-39.232940673828125,-39.06866455078125,-38.851234436035156,-38.60719680786133,-38.3631591796875,-38.11912155151367,-37.87508773803711,-37.63105010986328,-37.38701248168945,-37.142974853515625,-36.8989372253418,-36.65489959716797,-36.41086196899414,-36.16682434082031,-35.92279052734375,-35.67875289916992,-35.434715270996094,-35.190677642822266,-34.94664001464844,-34.7172966003418,-34.48794937133789,-34.25860595703125,-34.02926254272461,-33.7999153137207,-33.57057189941406,-33.34122848510742,-33.11188507080078,-32.882537841796875,-32.653194427490234,-32.423851013183594,-32.19450378417969,-31.965160369873047,-31.735816955566406,-31.506471633911133,-31.27712631225586,-31.06113624572754,-30.871912002563477,-30.682687759399414,-30.49346351623535,-30.30423927307129,-30.115015029907227,-29.925790786743164,-29.7365665435791
-39.56324768066406,-39.40448760986328,-39.2457275390625,-39.08696365356445,-38.87077331542969,-38.62583541870117,-38.38089370727539,-38.135955810546875,-37.891014099121094,-37.64607620239258,-37.4011344909668,-37.15619659423828,-36.9112548828125,-36.666316986083984,-36.4213752746582,-36.17643737792969,-35.931495666503906,-35.68655776977539,-35.44161605834961,-35.196678161621094,-34.95173645019531,-34.72250747680664,-34.4932746887207,-34.26404571533203,-34.034812927246094,-33.80558395385742,-33.576351165771484,-33.34711837768555,-33.117889404296875,-32.88865661621094,-32.659427642822266,-32.43019485473633,-32.200965881347656,-31.97173309326172,-31.742502212524414,-31.51327133178711,-31.284040451049805,-31.068880081176758,-30.88192367553711,-30.69496726989746,-30.508010864257812,-30.321054458618164,-30.134098052978516,-29.947141647338867,-29.76018524169922
-39.565006256103516,-39.41175842285156,-39.258514404296875,-39.10526657104492,-38.89031219482422,-38.64447021484375,-38.39862823486328,-38.15278625488281,-37.906944274902344,-37.661102294921875,-37.415260314941406,-37.16941833496094,-36.9235725402832,-36.677730560302734,-36.431888580322266,-36.1860466003418,-35.94020462036133,-35.69436264038086,-35.44852066040039,-35.20267868041992,-34.95683670043945,-34.727718353271484,-34.498600006103516,-34.26948165893555,-34.040367126464844,-33.811248779296875,-33.582130432128906,-33.35301208496094,-33.12389373779297,-32.894775390625,-32.6656608581543,-32.43654251098633,-32.20742416381836,-31.978307723999023,-31.749189376831055,-31.520071029663086,-31.29095458984375,-31.076623916625977,-30.891935348510742,-30.707246780395508,-30.522558212280273,-30.337871551513672,-30.153182983398438,-29.968494415283203,-29.78380584716797
-39.56676483154297,-39.41903305053711,-39.27130126953125,-39.123565673828125,-38.90985107421875,-38.663108825683594,-38.41636276245117,-38.16961669921875,-37.92287063598633,-37.67612838745117,-37.42938232421875,-37.18263626098633,-36.93589401245117,-36.68914794921875,-36.44240188598633,-36.19565963745117,-35.94891357421875,-35.70216751098633,-35.455421447753906,-35.20867919921875,-34.96193313598633,-34.73292922973633,-34.50392532348633,-34.27492141723633,-34.04591751098633,-33.81691360473633,-33.58790969848633,-33.35890579223633,-33.12990188598633,-32.90089797973633,-32.67189407348633,-32.44288635253906,-32.21388244628906,-31.984880447387695,-31.755876541137695,-31.526870727539062,-31.297866821289062,-31.084367752075195,-30.901947021484375,-30.719528198242188,-30.537107467651367,-30.354686737060547,-30.172266006469727,-29.98984718322754,-29.80742645263672
-39.56852340698242,-39.42630386352539,-39.28408432006836,-39.141868591308594,-38.92938995361328,-38.68174362182617,-38.43409729003906,-38.18644714355469,-37.93880081176758,-37.69115447998047,-37.443504333496094,-37.195858001708984,-36.948211669921875,-36.700565338134766,-36.45291519165039,-36.20526885986328,-35.95762252807617,-35.7099723815918,-35.46232604980469,-35.21467971801758,-34.9670295715332,-34.73814010620117,-34.50925064086914,-34.28036117553711,-34.05146789550781,-33.82257843017578,-33.59368896484375,-33.36479568481445,-33.13590621948242,-32.90701675415039,-32.678123474121094,-32.44923400878906,-32.22034454345703,-31.991453170776367,-31.762561798095703,-31.533672332763672,-31.304780960083008,-31.092111587524414,-30.911958694458008,-30.731807708740234,-30.551654815673828,-30.371503829956055,-30.19135093688965,-30.011199951171875,-29.83104705810547
-39.57027816772461,-39.43357467651367,-39.296871185302734,-39.1601676940918,-38.94892883300781,-38.70037841796875,-38.45183181762695,-38.20328140258789,-37.95473098754883,-37.706180572509766,-37.4576301574707,-37.20907974243164,-36.96052932739258,-36.711978912353516,-36.46342849731445,-36.21487808227539,-35.96632766723633,-35.71778106689453,-35.46923065185547,-35.220680236816406,-34.972129821777344,-34.743350982666016,-34.51457595825195,-34.285797119140625,-34.05702209472656,-33.828243255615234,-33.599464416503906,-33.370689392089844,-33.141910552978516,-32.91313552856445,-32.684356689453125,-32.45558166503906,-32.226802825927734,-31.99802589416504,-31.769248962402344,-31.54047203063965,-31.311695098876953,-31.099855422973633,-30.921972274780273,-30.74408721923828,-30.566204071044922,-30.38831901550293,-30.21043586730957,-30.032550811767578,-29.85466766357422
-39.57203674316406,-39.44084930419922,-39.30965805053711,-39.178470611572266,-38.968467712402344,-38.719017028808594,-38.46956253051758,-38.22011184692383,-37.97065734863281,-37.72120666503906,-37.47175216674805,-37.2223014831543,-36.97284698486328,-36.72339630126953,-36.473941802978516,-36.224491119384766,-35.97503662109375,-35.7255859375,-35.476131439208984,-35.226680755615234,-34.97722625732422,-34.74856185913086,-34.519901275634766,-34.291236877441406,-34.06257247924805,-33.83390808105469,-33.60524368286133,-33.376583099365234,-33.147918701171875,-32.919254302978516,-32.690589904785156,-32.4619255065918,-32.23326110839844,-32.004600524902344,-31.775936126708984,-31.547271728515625,-31.318607330322266,-31.10759925842285,-30.931983947753906,-30.75636863708496,-30.580751419067383,-30.405136108398438,-30.22951889038086,-30.053903579711914,-29.87828826904297
-39.80447006225586,-39.64839172363281,-39.492313385009766,-39.33623504638672,-39.11052703857422,-38.8499641418457,-38.58940505981445,-38.32884216308594,-38.06828308105469,-37.80772018432617,-37.54716110229492,-37.286598205566406,-37.026039123535156,-36.76547622680664,-36.50491714477539,-36.244354248046875,-35.983795166015625,-35.72323226928711,-35.46267318725586,-35.202110290527344,-34.941551208496094,-34.71276092529297,-34.483970642089844,-34.25518035888672,-34.026390075683594,-33.79759979248047,-33.568809509277344,-33.34001922607422,-33.111228942871094,-32.88243865966797,-32.653648376464844,-32.42485809326172,-32.196067810058594,-31.967275619506836,-31.73848533630371,-31.509695053100586,-31.28090476989746,-31.07114601135254,-30.899539947509766,-30.727933883666992,-30.55632781982422,-30.384721755981445,-30.213115692138672,-30.0415096282959,-29.869903564453125
